30,-40
30,-39
30,-38
30,-37
30,-36
31,-40
32,-40
33,-40
34,-40
31,-36
32,-36
33,-36
34,-39
34,-38
34,-37
34,-36
48,177
48,178
48,179
48,180
48,181
49,177
50,177
51,177
52,177
49,181
50,181
51,181
52,178
52,179
52,180
52,181
-66,119
-66,120
-66,121
-66,122
-66,123
-65,119
-64,119
-63,119
-62,119
-65,123
-64,123
-63,123
-62,120
-62,121
-62,122
-62,123
-55,182
-55,183
-55,184
-55,185
-55,186
-54,182
-53,182
-52,182
-51,182
-54,186
-53,186
-52,186
-51,183
-51,184
-51,185
-51,186
-26,146
-26,147
-26,148
-26,149
-26,150
-25,146
-24,146
-23,146
-22,146
-25,150
-24,150
-23,150
-22,147
-22,148
-22,149
-22,150
-48,-161
-48,-160
-48,-159
-48,-158
-48,-157
-47,-161
-46,-161
-45,-161
-44,-161
-47,-157
-46,-157
-45,-157
-44,-160
-44,-159
-44,-158
-44,-157
-67,-127
-67,-126
-67,-125
-67,-124
-67,-123
-66,-127
-65,-127
-64,-127
-63,-127
-66,-123
-65,-123
-64,-123
-63,-126
-63,-125
-63,-124
-63,-123
14,-158
14,-157
14,-156
14,-155
14,-154
15,-158
16,-158
17,-158
18,-158
15,-154
16,-154
17,-154
18,-157
18,-156
18,-155
18,-154
31,-105
31,-104
31,-103
31,-102
31,-101
32,-105
33,-105
34,-105
35,-105
32,-101
33,-101
34,-101
35,-104
35,-103
35,-102
35,-101
-35,-52
-35,-51
-35,-50
-35,-49
-35,-48
-34,-52
-33,-52
-32,-52
-31,-52
-34,-48
-33,-48
-32,-48
-31,-51
-31,-50
-31,-49
-31,-48
91,135
91,136
91,137
91,138
91,139
92,135
93,135
94,135
95,135
92,139
93,139
94,139
95,136
95,137
95,138
95,139
-99,84
-99,85
-99,86
-99,87
-99,88
-98,84
-97,84
-96,84
-95,84
-98,88
-97,88
-96,88
-95,85
-95,86
-95,87
-95,88
14,50
14,51
14,52
14,53
14,54
15,50
16,50
17,50
18,50
15,54
16,54
17,54
18,51
18,52
18,53
18,54
24,69
24,70
24,71
24,72
24,73
25,69
26,69
27,69
28,69
25,73
26,73
27,73
28,70
28,71
28,72
28,73
-9,-176
-9,-175
-9,-174
-9,-173
-9,-172
-8,-176
-7,-176
-6,-176
-5,-176
-8,-172
-7,-172
-6,-172
-5,-175
-5,-174
-5,-173
-5,-172
50,52
50,53
50,54
50,55
50,56
51,52
52,52
53,52
54,52
51,56
52,56
53,56
54,53
54,54
54,55
54,56
-44,11
-44,12
-44,13
-44,14
-44,15
-43,11
-42,11
-41,11
-40,11
-43,15
-42,15
-41,15
-40,12
-40,13
-40,14
-40,15
-27,36
-27,37
-27,38
-27,39
-27,40
-26,36
-25,36
-24,36
-23,36
-26,40
-25,40
-24,40
-23,37
-23,38
-23,39
-23,40
23,-156
23,-155
23,-154
23,-153
23,-152
24,-156
25,-156
26,-156
27,-156
24,-152
25,-152
26,-152
27,-155
27,-154
27,-153
27,-152
54,-95
54,-94
54,-93
54,-92
54,-91
55,-95
56,-95
57,-95
58,-95
55,-91
56,-91
57,-91
58,-94
58,-93
58,-92
58,-91
-88,149
-88,150
-88,151
-88,152
-88,153
-87,149
-86,149
-85,149
-84,149
-87,153
-86,153
-85,153
-84,150
-84,151
-84,152
-84,153
83,114
83,115
83,116
83,117
83,118
84,114
85,114
86,114
87,114
84,118
85,118
86,118
87,115
87,116
87,117
87,118
-76,-7
-76,-6
-76,-5
-76,-4
-76,-3
-75,-7
-74,-7
-73,-7
-72,-7
-75,-3
-74,-3
-73,-3
-72,-6
-72,-5
-72,-4
-72,-3
-67,-1
-67,0
-67,1
-67,2
-67,3
-66,-1
-65,-1
-64,-1
-63,-1
-66,3
-65,3
-64,3
-63,0
-63,1
-63,2
-63,3
-42,98
-42,99
-42,100
-42,101
-42,102
-41,98
-40,98
-39,98
-38,98
-41,102
-40,102
-39,102
-38,99
-38,100
-38,101
-38,102
35,133
35,134
35,135
35,136
35,137
36,133
37,133
38,133
39,133
36,137
37,137
38,137
39,134
39,135
39,136
39,137
48,-123
48,-122
48,-121
48,-120
48,-119
49,-123
50,-123
51,-123
52,-123
49,-119
50,-119
51,-119
52,-122
52,-121
52,-120
52,-119
-37,176
-37,177
-37,178
-37,179
-37,180
-36,176
-35,176
-34,176
-33,176
-36,180
-35,180
-34,180
-33,177
-33,178
-33,179
-33,180
-53,7
-53,8
-53,9
-53,10
-53,11
-52,7
-51,7
-50,7
-49,7
-52,11
-51,11
-50,11
-49,8
-49,9
-49,10
-49,11
-48,5
-48,6
-48,7
-48,8
-48,9
-47,5
-46,5
-45,5
-44,5
-47,9
-46,9
-45,9
-44,6
-44,7
-44,8
-44,9
55,182
55,183
55,184
55,185
55,186
56,182
57,182
58,182
59,182
56,186
57,186
58,186
59,183
59,184
59,185
59,186
12,-32
12,-31
12,-30
12,-29
12,-28
13,-32
14,-32
15,-32
16,-32
13,-28
14,-28
15,-28
16,-31
16,-30
16,-29
16,-28
21,-163
21,-162
21,-161
21,-160
21,-159
22,-163
23,-163
24,-163
25,-163
22,-159
23,-159
24,-159
25,-162
25,-161
25,-160
25,-159
-20,-185
-20,-184
-20,-183
-20,-182
-20,-181
-19,-185
-18,-185
-17,-185
-16,-185
-19,-181
-18,-181
-17,-181
-16,-184
-16,-183
-16,-182
-16,-181
-94,-29
-94,-28
-94,-27
-94,-26
-94,-25
-93,-29
-92,-29
-91,-29
-90,-29
-93,-25
-92,-25
-91,-25
-90,-28
-90,-27
-90,-26
-90,-25
-78,156
-78,157
-78,158
-78,159
-78,160
-77,156
-76,156
-75,156
-74,156
-77,160
-76,160
-75,160
-74,157
-74,158
-74,159
-74,160
78,169
78,170
78,171
78,172
78,173
79,169
80,169
81,169
82,169
79,173
80,173
81,173
82,170
82,171
82,172
82,173
-4,-98
-4,-97
-4,-96
-4,-95
-4,-94
-3,-98
-2,-98
-1,-98
0,-98
-3,-94
-2,-94
-1,-94
0,-97
0,-96
0,-95
0,-94
-47,190
-47,191
-47,192
-47,193
-47,194
-46,190
-45,190
-44,190
-43,190
-46,194
-45,194
-44,194
-43,191
-43,192
-43,193
-43,194
55,-140
55,-139
55,-138
55,-137
55,-136
56,-140
57,-140
58,-140
59,-140
56,-136
57,-136
58,-136
59,-139
59,-138
59,-137
59,-136
-84,-4
-84,-3
-84,-2
-84,-1
-84,0
-83,-4
-82,-4
-81,-4
-80,-4
-83,0
-82,0
-81,0
-80,-3
-80,-2
-80,-1
-80,0
70,-96
70,-95
70,-94
70,-93
70,-92
71,-96
72,-96
73,-96
74,-96
71,-92
72,-92
73,-92
74,-95
74,-94
74,-93
74,-92
27,-14
27,-13
27,-12
27,-11
27,-10
28,-14
29,-14
30,-14
31,-14
28,-10
29,-10
30,-10
31,-13
31,-12
31,-11
31,-10
-12,-126
-12,-125
-12,-124
-12,-123
-12,-122
-11,-126
-10,-126
-9,-126
-8,-126
-11,-122
-10,-122
-9,-122
-8,-125
-8,-124
-8,-123
-8,-122
11,-7
11,-6
11,-5
11,-4
11,-3
12,-7
13,-7
14,-7
15,-7
12,-3
13,-3
14,-3
15,-6
15,-5
15,-4
15,-3
-76,110
-76,111
-76,112
-76,113
-76,114
-75,110
-74,110
-73,110
-72,110
-75,114
-74,114
-73,114
-72,111
-72,112
-72,113
-72,114
57,67
57,68
57,69
57,70
57,71
58,67
59,67
60,67
61,67
58,71
59,71
60,71
61,68
61,69
61,70
61,71
35,-173
35,-172
35,-171
35,-170
35,-169
36,-173
37,-173
38,-173
39,-173
36,-169
37,-169
38,-169
39,-172
39,-171
39,-170
39,-169
16,124
16,125
16,126
16,127
16,128
17,124
18,124
19,124
20,124
17,128
18,128
19,128
20,125
20,126
20,127
20,128
-99,-142
-99,-141
-99,-140
-99,-139
-99,-138
-98,-142
-97,-142
-96,-142
-95,-142
-98,-138
-97,-138
-96,-138
-95,-141
-95,-140
-95,-139
-95,-138
69,-85
69,-84
69,-83
69,-82
69,-81
70,-85
71,-85
72,-85
73,-85
70,-81
71,-81
72,-81
73,-84
73,-83
73,-82
73,-81
32,46
32,47
32,48
32,49
32,50
33,46
34,46
35,46
36,46
33,50
34,50
35,50
36,47
36,48
36,49
36,50
27,52
27,53
27,54
27,55
27,56
28,52
29,52
30,52
31,52
28,56
29,56
30,56
31,53
31,54
31,55
31,56
92,186
92,187
92,188
92,189
92,190
93,186
94,186
95,186
96,186
93,190
94,190
95,190
96,187
96,188
96,189
96,190
53,-184
53,-183
53,-182
53,-181
53,-180
54,-184
55,-184
56,-184
57,-184
54,-180
55,-180
56,-180
57,-183
57,-182
57,-181
57,-180
14,80
14,81
14,82
14,83
14,84
15,80
16,80
17,80
18,80
15,84
16,84
17,84
18,81
18,82
18,83
18,84
-12,-148
-12,-147
-12,-146
-12,-145
-12,-144
-11,-148
-10,-148
-9,-148
-8,-148
-11,-144
-10,-144
-9,-144
-8,-147
-8,-146
-8,-145
-8,-144
33,99
33,100
33,101
33,102
33,103
34,99
35,99
36,99
37,99
34,103
35,103
36,103
37,100
37,101
37,102
37,103
-58,33
-58,34
-58,35
-58,36
-58,37
-57,33
-56,33
-55,33
-54,33
-57,37
-56,37
-55,37
-54,34
-54,35
-54,36
-54,37
40,143
40,144
40,145
40,146
40,147
41,143
42,143
43,143
44,143
41,147
42,147
43,147
44,144
44,145
44,146
44,147
-14,147
-14,148
-14,149
-14,150
-14,151
-13,147
-12,147
-11,147
-10,147
-13,151
-12,151
-11,151
-10,148
-10,149
-10,150
-10,151
-19,-87
-19,-86
-19,-85
-19,-84
-19,-83
-18,-87
-17,-87
-16,-87
-15,-87
-18,-83
-17,-83
-16,-83
-15,-86
-15,-85
-15,-84
-15,-83
69,52
69,53
69,54
69,55
69,56
70,52
71,52
72,52
73,52
70,56
71,56
72,56
73,53
73,54
73,55
73,56
-13,62
-13,63
-13,64
-13,65
-13,66
-12,62
-11,62
-10,62
-9,62
-12,66
-11,66
-10,66
-9,63
-9,64
-9,65
-9,66
0,28
0,29
0,30
0,31
0,32
1,28
2,28
3,28
4,28
1,32
2,32
3,32
4,29
4,30
4,31
4,32
47,18
47,19
47,20
47,21
47,22
48,18
49,18
50,18
51,18
48,22
49,22
50,22
51,19
51,20
51,21
51,22
24,-138
24,-137
24,-136
24,-135
24,-134
25,-138
26,-138
27,-138
28,-138
25,-134
26,-134
27,-134
28,-137
28,-136
28,-135
28,-134
20,-187
20,-186
20,-185
20,-184
20,-183
21,-187
22,-187
23,-187
24,-187
21,-183
22,-183
23,-183
24,-186
24,-185
24,-184
24,-183
-67,-168
-67,-167
-67,-166
-67,-165
-67,-164
-66,-168
-65,-168
-64,-168
-63,-168
-66,-164
-65,-164
-64,-164
-63,-167
-63,-166
-63,-165
-63,-164
-71,-75
-71,-74
-71,-73
-71,-72
-71,-71
-70,-75
-69,-75
-68,-75
-67,-75
-70,-71
-69,-71
-68,-71
-67,-74
-67,-73
-67,-72
-67,-71
36,-67
36,-66
36,-65
36,-64
36,-63
37,-67
38,-67
39,-67
40,-67
37,-63
38,-63
39,-63
40,-66
40,-65
40,-64
40,-63
37,-132
37,-131
37,-130
37,-129
37,-128
38,-132
39,-132
40,-132
41,-132
38,-128
39,-128
40,-128
41,-131
41,-130
41,-129
41,-128
-43,-72
-43,-71
-43,-70
-43,-69
-43,-68
-42,-72
-41,-72
-40,-72
-39,-72
-42,-68
-41,-68
-40,-68
-39,-71
-39,-70
-39,-69
-39,-68
-91,191
-91,192
-91,193
-91,194
-91,195
-90,191
-89,191
-88,191
-87,191
-90,195
-89,195
-88,195
-87,192
-87,193
-87,194
-87,195
-95,-120
-95,-119
-95,-118
-95,-117
-95,-116
-94,-120
-93,-120
-92,-120
-91,-120
-94,-116
-93,-116
-92,-116
-91,-119
-91,-118
-91,-117
-91,-116
51,1
51,2
51,3
51,4
51,5
52,1
53,1
54,1
55,1
52,5
53,5
54,5
55,2
55,3
55,4
55,5
-20,-141
-20,-140
-20,-139
-20,-138
-20,-137
-19,-141
-18,-141
-17,-141
-16,-141
-19,-137
-18,-137
-17,-137
-16,-140
-16,-139
-16,-138
-16,-137
84,25
84,26
84,27
84,28
84,29
85,25
86,25
87,25
88,25
85,29
86,29
87,29
88,26
88,27
88,28
88,29
92,-181
92,-180
92,-179
92,-178
92,-177
93,-181
94,-181
95,-181
96,-181
93,-177
94,-177
95,-177
96,-180
96,-179
96,-178
96,-177
-98,-58
-98,-57
-98,-56
-98,-55
-98,-54
-97,-58
-96,-58
-95,-58
-94,-58
-97,-54
-96,-54
-95,-54
-94,-57
-94,-56
-94,-55
-94,-54
-75,60
-75,61
-75,62
-75,63
-75,64
-74,60
-73,60
-72,60
-71,60
-74,64
-73,64
-72,64
-71,61
-71,62
-71,63
-71,64
25,103
25,104
25,105
25,106
25,107
26,103
27,103
28,103
29,103
26,107
27,107
28,107
29,104
29,105
29,106
29,107
-69,4
-69,5
-69,6
-69,7
-69,8
-68,4
-67,4
-66,4
-65,4
-68,8
-67,8
-66,8
-65,5
-65,6
-65,7
-65,8
-19,-118
-19,-117
-19,-116
-19,-115
-19,-114
-18,-118
-17,-118
-16,-118
-15,-118
-18,-114
-17,-114
-16,-114
-15,-117
-15,-116
-15,-115
-15,-114
45,-82
45,-81
45,-80
45,-79
45,-78
46,-82
47,-82
48,-82
49,-82
46,-78
47,-78
48,-78
49,-81
49,-80
49,-79
49,-78
-64,86
-64,87
-64,88
-64,89
-64,90
-63,86
-62,86
-61,86
-60,86
-63,90
-62,90
-61,90
-60,87
-60,88
-60,89
-60,90
76,53
76,54
76,55
76,56
76,57
77,53
78,53
79,53
80,53
77,57
78,57
79,57
80,54
80,55
80,56
80,57
-16,-161
-16,-160
-16,-159
-16,-158
-16,-157
-15,-161
-14,-161
-13,-161
-12,-161
-15,-157
-14,-157
-13,-157
-12,-160
-12,-159
-12,-158
-12,-157
13,-94
13,-93
13,-92
13,-91
13,-90
14,-94
15,-94
16,-94
17,-94
14,-90
15,-90
16,-90
17,-93
17,-92
17,-91
17,-90
-39,182
-39,183
-39,184
-39,185
-39,186
-38,182
-37,182
-36,182
-35,182
-38,186
-37,186
-36,186
-35,183
-35,184
-35,185
-35,186
48,105
48,106
48,107
48,108
48,109
49,105
50,105
51,105
52,105
49,109
50,109
51,109
52,106
52,107
52,108
52,109
-30,165
-30,166
-30,167
-30,168
-30,169
-29,165
-28,165
-27,165
-26,165
-29,169
-28,169
-27,169
-26,166
-26,167
-26,168
-26,169
39,-102
39,-101
39,-100
39,-99
39,-98
40,-102
41,-102
42,-102
43,-102
40,-98
41,-98
42,-98
43,-101
43,-100
43,-99
43,-98
-63,-9
-63,-8
-63,-7
-63,-6
-63,-5
-62,-9
-61,-9
-60,-9
-59,-9
-62,-5
-61,-5
-60,-5
-59,-8
-59,-7
-59,-6
-59,-5
64,-180
64,-179
64,-178
64,-177
64,-176
65,-180
66,-180
67,-180
68,-180
65,-176
66,-176
67,-176
68,-179
68,-178
68,-177
68,-176
11,-187
11,-186
11,-185
11,-184
11,-183
12,-187
13,-187
14,-187
15,-187
12,-183
13,-183
14,-183
15,-186
15,-185
15,-184
15,-183
42,128
42,129
42,130
42,131
42,132
43,128
44,128
45,128
46,128
43,132
44,132
45,132
46,129
46,130
46,131
46,132
36,-158
36,-157
36,-156
36,-155
36,-154
37,-158
38,-158
39,-158
40,-158
37,-154
38,-154
39,-154
40,-157
40,-156
40,-155
40,-154
-77,-107
-77,-106
-77,-105
-77,-104
-77,-103
-76,-107
-75,-107
-74,-107
-73,-107
-76,-103
-75,-103
-74,-103
-73,-106
-73,-105
-73,-104
-73,-103
59,-29
59,-28
59,-27
59,-26
59,-25
60,-29
61,-29
62,-29
63,-29
60,-25
61,-25
62,-25
63,-28
63,-27
63,-26
63,-25
-47,-178
-47,-177
-47,-176
-47,-175
-47,-174
-46,-178
-45,-178
-44,-178
-43,-178
-46,-174
-45,-174
-44,-174
-43,-177
-43,-176
-43,-175
-43,-174
-1,63
-1,64
-1,65
-1,66
-1,67
0,63
1,63
2,63
3,63
0,67
1,67
2,67
3,64
3,65
3,66
3,67
12,69
12,70
12,71
12,72
12,73
13,69
14,69
15,69
16,69
13,73
14,73
15,73
16,70
16,71
16,72
16,73
91,90
91,91
91,92
91,93
91,94
92,90
93,90
94,90
95,90
92,94
93,94
94,94
95,91
95,92
95,93
95,94
-49,60
-49,61
-49,62
-49,63
-49,64
-48,60
-47,60
-46,60
-45,60
-48,64
-47,64
-46,64
-45,61
-45,62
-45,63
-45,64
8,58
8,59
8,60
8,61
8,62
9,58
10,58
11,58
12,58
9,62
10,62
11,62
12,59
12,60
12,61
12,62
16,191
16,192
16,193
16,194
16,195
17,191
18,191
19,191
20,191
17,195
18,195
19,195
20,192
20,193
20,194
20,195
-79,-43
-79,-42
-79,-41
-79,-40
-79,-39
-78,-43
-77,-43
-76,-43
-75,-43
-78,-39
-77,-39
-76,-39
-75,-42
-75,-41
-75,-40
-75,-39
92,-88
92,-87
92,-86
92,-85
92,-84
93,-88
94,-88
95,-88
96,-88
93,-84
94,-84
95,-84
96,-87
96,-86
96,-85
96,-84
71,-183
71,-182
71,-181
71,-180
71,-179
72,-183
73,-183
74,-183
75,-183
72,-179
73,-179
74,-179
75,-182
75,-181
75,-180
75,-179
-71,-185
-71,-184
-71,-183
-71,-182
-71,-181
-70,-185
-69,-185
-68,-185
-67,-185
-70,-181
-69,-181
-68,-181
-67,-184
-67,-183
-67,-182
-67,-181
-9,-40
-9,-39
-9,-38
-9,-37
-9,-36
-8,-40
-7,-40
-6,-40
-5,-40
-8,-36
-7,-36
-6,-36
-5,-39
-5,-38
-5,-37
-5,-36
-22,130
-22,131
-22,132
-22,133
-22,134
-21,130
-20,130
-19,130
-18,130
-21,134
-20,134
-19,134
-18,131
-18,132
-18,133
-18,134
69,-9
69,-8
69,-7
69,-6
69,-5
70,-9
71,-9
72,-9
73,-9
70,-5
71,-5
72,-5
73,-8
73,-7
73,-6
73,-5
44,-109
44,-108
44,-107
44,-106
44,-105
45,-109
46,-109
47,-109
48,-109
45,-105
46,-105
47,-105
48,-108
48,-107
48,-106
48,-105
46,-97
46,-96
46,-95
46,-94
46,-93
47,-97
48,-97
49,-97
50,-97
47,-93
48,-93
49,-93
50,-96
50,-95
50,-94
50,-93
-10,87
-10,88
-10,89
-10,90
-10,91
-9,87
-8,87
-7,87
-6,87
-9,91
-8,91
-7,91
-6,88
-6,89
-6,90
-6,91
-31,-96
-31,-95
-31,-94
-31,-93
-31,-92
-30,-96
-29,-96
-28,-96
-27,-96
-30,-92
-29,-92
-28,-92
-27,-95
-27,-94
-27,-93
-27,-92
39,26
39,27
39,28
39,29
39,30
40,26
41,26
42,26
43,26
40,30
41,30
42,30
43,27
43,28
43,29
43,30
88,-128
88,-127
88,-126
88,-125
88,-124
89,-128
90,-128
91,-128
92,-128
89,-124
90,-124
91,-124
92,-127
92,-126
92,-125
92,-124
2,-194
2,-193
2,-192
2,-191
2,-190
3,-194
4,-194
5,-194
6,-194
3,-190
4,-190
5,-190
6,-193
6,-192
6,-191
6,-190
-48,-13
-48,-12
-48,-11
-48,-10
-48,-9
-47,-13
-46,-13
-45,-13
-44,-13
-47,-9
-46,-9
-45,-9
-44,-12
-44,-11
-44,-10
-44,-9
24,-107
24,-106
24,-105
24,-104
24,-103
25,-107
26,-107
27,-107
28,-107
25,-103
26,-103
27,-103
28,-106
28,-105
28,-104
28,-103
-56,-167
-56,-166
-56,-165
-56,-164
-56,-163
-55,-167
-54,-167
-53,-167
-52,-167
-55,-163
-54,-163
-53,-163
-52,-166
-52,-165
-52,-164
-52,-163
-18,-23
-18,-22
-18,-21
-18,-20
-18,-19
-17,-23
-16,-23
-15,-23
-14,-23
-17,-19
-16,-19
-15,-19
-14,-22
-14,-21
-14,-20
-14,-19
65,-138
65,-137
65,-136
65,-135
65,-134
66,-138
67,-138
68,-138
69,-138
66,-134
67,-134
68,-134
69,-137
69,-136
69,-135
69,-134
85,34
85,35
85,36
85,37
85,38
86,34
87,34
88,34
89,34
86,38
87,38
88,38
89,35
89,36
89,37
89,38
-27,-147
-27,-146
-27,-145
-27,-144
-27,-143
-26,-147
-25,-147
-24,-147
-23,-147
-26,-143
-25,-143
-24,-143
-23,-146
-23,-145
-23,-144
-23,-143
-69,131
-69,132
-69,133
-69,134
-69,135
-68,131
-67,131
-66,131
-65,131
-68,135
-67,135
-66,135
-65,132
-65,133
-65,134
-65,135
65,1
65,2
65,3
65,4
65,5
66,1
67,1
68,1
69,1
66,5
67,5
68,5
69,2
69,3
69,4
69,5
18,155
18,156
18,157
18,158
18,159
19,155
20,155
21,155
22,155
19,159
20,159
21,159
22,156
22,157
22,158
22,159
43,-140
43,-139
43,-138
43,-137
43,-136
44,-140
45,-140
46,-140
47,-140
44,-136
45,-136
46,-136
47,-139
47,-138
47,-137
47,-136
-40,-47
-40,-46
-40,-45
-40,-44
-40,-43
-39,-47
-38,-47
-37,-47
-36,-47
-39,-43
-38,-43
-37,-43
-36,-46
-36,-45
-36,-44
-36,-43
62,159
62,160
62,161
62,162
62,163
63,159
64,159
65,159
66,159
63,163
64,163
65,163
66,160
66,161
66,162
66,163
44,-151
44,-150
44,-149
44,-148
44,-147
45,-151
46,-151
47,-151
48,-151
45,-147
46,-147
47,-147
48,-150
48,-149
48,-148
48,-147
-60,-39
-60,-38
-60,-37
-60,-36
-60,-35
-59,-39
-58,-39
-57,-39
-56,-39
-59,-35
-58,-35
-57,-35
-56,-38
-56,-37
-56,-36
-56,-35
-55,-12
-55,-11
-55,-10
-55,-9
-55,-8
-54,-12
-53,-12
-52,-12
-51,-12
-54,-8
-53,-8
-52,-8
-51,-11
-51,-10
-51,-9
-51,-8
-44,167
-44,168
-44,169
-44,170
-44,171
-43,167
-42,167
-41,167
-40,167
-43,171
-42,171
-41,171
-40,168
-40,169
-40,170
-40,171
-67,-178
-67,-177
-67,-176
-67,-175
-67,-174
-66,-178
-65,-178
-64,-178
-63,-178
-66,-174
-65,-174
-64,-174
-63,-177
-63,-176
-63,-175
-63,-174
-74,-84
-74,-83
-74,-82
-74,-81
-74,-80
-73,-84
-72,-84
-71,-84
-70,-84
-73,-80
-72,-80
-71,-80
-70,-83
-70,-82
-70,-81
-70,-80
-55,-95
-55,-94
-55,-93
-55,-92
-55,-91
-54,-95
-53,-95
-52,-95
-51,-95
-54,-91
-53,-91
-52,-91
-51,-94
-51,-93
-51,-92
-51,-91
-45,-121
-45,-120
-45,-119
-45,-118
-45,-117
-44,-121
-43,-121
-42,-121
-41,-121
-44,-117
-43,-117
-42,-117
-41,-120
-41,-119
-41,-118
-41,-117
86,73
86,74
86,75
86,76
86,77
87,73
88,73
89,73
90,73
87,77
88,77
89,77
90,74
90,75
90,76
90,77
-40,-190
-40,-189
-40,-188
-40,-187
-40,-186
-39,-190
-38,-190
-37,-190
-36,-190
-39,-186
-38,-186
-37,-186
-36,-189
-36,-188
-36,-187
-36,-186
-37,-38
-37,-37
-37,-36
-37,-35
-37,-34
-36,-38
-35,-38
-34,-38
-33,-38
-36,-34
-35,-34
-34,-34
-33,-37
-33,-36
-33,-35
-33,-34
81,133
81,134
81,135
81,136
81,137
82,133
83,133
84,133
85,133
82,137
83,137
84,137
85,134
85,135
85,136
85,137
-34,20
-34,21
-34,22
-34,23
-34,24
-33,20
-32,20
-31,20
-30,20
-33,24
-32,24
-31,24
-30,21
-30,22
-30,23
-30,24
-69,151
-69,152
-69,153
-69,154
-69,155
-68,151
-67,151
-66,151
-65,151
-68,155
-67,155
-66,155
-65,152
-65,153
-65,154
-65,155
-53,-156
-53,-155
-53,-154
-53,-153
-53,-152
-52,-156
-51,-156
-50,-156
-49,-156
-52,-152
-51,-152
-50,-152
-49,-155
-49,-154
-49,-153
-49,-152
53,-66
53,-65
53,-64
53,-63
53,-62
54,-66
55,-66
56,-66
57,-66
54,-62
55,-62
56,-62
57,-65
57,-64
57,-63
57,-62
-71,167
-71,168
-71,169
-71,170
-71,171
-70,167
-69,167
-68,167
-67,167
-70,171
-69,171
-68,171
-67,168
-67,169
-67,170
-67,171
-21,31
-21,32
-21,33
-21,34
-21,35
-20,31
-19,31
-18,31
-17,31
-20,35
-19,35
-18,35
-17,32
-17,33
-17,34
-17,35
-39,-112
-39,-111
-39,-110
-39,-109
-39,-108
-38,-112
-37,-112
-36,-112
-35,-112
-38,-108
-37,-108
-36,-108
-35,-111
-35,-110
-35,-109
-35,-108
28,117
28,118
28,119
28,120
28,121
29,117
30,117
31,117
32,117
29,121
30,121
31,121
32,118
32,119
32,120
32,121
18,-41
18,-40
18,-39
18,-38
18,-37
19,-41
20,-41
21,-41
22,-41
19,-37
20,-37
21,-37
22,-40
22,-39
22,-38
22,-37
83,93
83,94
83,95
83,96
83,97
84,93
85,93
86,93
87,93
84,97
85,97
86,97
87,94
87,95
87,96
87,97
29,-94
29,-93
29,-92
29,-91
29,-90
30,-94
31,-94
32,-94
33,-94
30,-90
31,-90
32,-90
33,-93
33,-92
33,-91
33,-90
-6,-108
-6,-107
-6,-106
-6,-105
-6,-104
-5,-108
-4,-108
-3,-108
-2,-108
-5,-104
-4,-104
-3,-104
-2,-107
-2,-106
-2,-105
-2,-104
-41,190
-41,191
-41,192
-41,193
-41,194
-40,190
-39,190
-38,190
-37,190
-40,194
-39,194
-38,194
-37,191
-37,192
-37,193
-37,194
44,44
44,45
44,46
44,47
44,48
45,44
46,44
47,44
48,44
45,48
46,48
47,48
48,45
48,46
48,47
48,48
83,-25
83,-24
83,-23
83,-22
83,-21
84,-25
85,-25
86,-25
87,-25
84,-21
85,-21
86,-21
87,-24
87,-23
87,-22
87,-21
-29,118
-29,119
-29,120
-29,121
-29,122
-28,118
-27,118
-26,118
-25,118
-28,122
-27,122
-26,122
-25,119
-25,120
-25,121
-25,122
6,-106
6,-105
6,-104
6,-103
6,-102
7,-106
8,-106
9,-106
10,-106
7,-102
8,-102
9,-102
10,-105
10,-104
10,-103
10,-102
25,144
25,145
25,146
25,147
25,148
26,144
27,144
28,144
29,144
26,148
27,148
28,148
29,145
29,146
29,147
29,148
-98,110
-98,111
-98,112
-98,113
-98,114
-97,110
-96,110
-95,110
-94,110
-97,114
-96,114
-95,114
-94,111
-94,112
-94,113
-94,114
-89,-102
-89,-101
-89,-100
-89,-99
-89,-98
-88,-102
-87,-102
-86,-102
-85,-102
-88,-98
-87,-98
-86,-98
-85,-101
-85,-100
-85,-99
-85,-98
28,20
28,21
28,22
28,23
28,24
29,20
30,20
31,20
32,20
29,24
30,24
31,24
32,21
32,22
32,23
32,24
-18,60
-18,61
-18,62
-18,63
-18,64
-17,60
-16,60
-15,60
-14,60
-17,64
-16,64
-15,64
-14,61
-14,62
-14,63
-14,64
-70,-119
-70,-118
-70,-117
-70,-116
-70,-115
-69,-119
-68,-119
-67,-119
-66,-119
-69,-115
-68,-115
-67,-115
-66,-118
-66,-117
-66,-116
-66,-115
-91,108
-91,109
-91,110
-91,111
-91,112
-90,108
-89,108
-88,108
-87,108
-90,112
-89,112
-88,112
-87,109
-87,110
-87,111
-87,112
0,46
0,47
0,48
0,49
0,50
1,46
2,46
3,46
4,46
1,50
2,50
3,50
4,47
4,48
4,49
4,50
-77,-114
-77,-113
-77,-112
-77,-111
-77,-110
-76,-114
-75,-114
-74,-114
-73,-114
-76,-110
-75,-110
-74,-110
-73,-113
-73,-112
-73,-111
-73,-110
-23,15
-23,16
-23,17
-23,18
-23,19
-22,15
-21,15
-20,15
-19,15
-22,19
-21,19
-20,19
-19,16
-19,17
-19,18
-19,19
-8,93
-8,94
-8,95
-8,96
-8,97
-7,93
-6,93
-5,93
-4,93
-7,97
-6,97
-5,97
-4,94
-4,95
-4,96
-4,97
40,188
40,189
40,190
40,191
40,192
41,188
42,188
43,188
44,188
41,192
42,192
43,192
44,189
44,190
44,191
44,192
-33,-22
-33,-21
-33,-20
-33,-19
-33,-18
-32,-22
-31,-22
-30,-22
-29,-22
-32,-18
-31,-18
-30,-18
-29,-21
-29,-20
-29,-19
-29,-18
0,-40
0,-39
0,-38
0,-37
0,-36
1,-40
2,-40
3,-40
4,-40
1,-36
2,-36
3,-36
4,-39
4,-38
4,-37
4,-36
58,122
58,123
58,124
58,125
58,126
59,122
60,122
61,122
62,122
59,126
60,126
61,126
62,123
62,124
62,125
62,126
-73,-174
-73,-173
-73,-172
-73,-171
-73,-170
-72,-174
-71,-174
-70,-174
-69,-174
-72,-170
-71,-170
-70,-170
-69,-173
-69,-172
-69,-171
-69,-170
-49,-67
-49,-66
-49,-65
-49,-64
-49,-63
-48,-67
-47,-67
-46,-67
-45,-67
-48,-63
-47,-63
-46,-63
-45,-66
-45,-65
-45,-64
-45,-63
-83,-108
-83,-107
-83,-106
-83,-105
-83,-104
-82,-108
-81,-108
-80,-108
-79,-108
-82,-104
-81,-104
-80,-104
-79,-107
-79,-106
-79,-105
-79,-104
-48,-155
-48,-154
-48,-153
-48,-152
-48,-151
-47,-155
-46,-155
-45,-155
-44,-155
-47,-151
-46,-151
-45,-151
-44,-154
-44,-153
-44,-152
-44,-151
-46,-101
-46,-100
-46,-99
-46,-98
-46,-97
-45,-101
-44,-101
-43,-101
-42,-101
-45,-97
-44,-97
-43,-97
-42,-100
-42,-99
-42,-98
-42,-97
-52,34
-52,35
-52,36
-52,37
-52,38
-51,34
-50,34
-49,34
-48,34
-51,38
-50,38
-49,38
-48,35
-48,36
-48,37
-48,38
-73,-53
-73,-52
-73,-51
-73,-50
-73,-49
-72,-53
-71,-53
-70,-53
-69,-53
-72,-49
-71,-49
-70,-49
-69,-52
-69,-51
-69,-50
-69,-49
-84,19
-84,20
-84,21
-84,22
-84,23
-83,19
-82,19
-81,19
-80,19
-83,23
-82,23
-81,23
-80,20
-80,21
-80,22
-80,23
-13,-13
-13,-12
-13,-11
-13,-10
-13,-9
-12,-13
-11,-13
-10,-13
-9,-13
-12,-9
-11,-9
-10,-9
-9,-12
-9,-11
-9,-10
-9,-9
22,57
22,58
22,59
22,60
22,61
23,57
24,57
25,57
26,57
23,61
24,61
25,61
26,58
26,59
26,60
26,61
-73,119
-73,120
-73,121
-73,122
-73,123
-72,119
-71,119
-70,119
-69,119
-72,123
-71,123
-70,123
-69,120
-69,121
-69,122
-69,123
54,167
54,168
54,169
54,170
54,171
55,167
56,167
57,167
58,167
55,171
56,171
57,171
58,168
58,169
58,170
58,171
-8,99
-8,100
-8,101
-8,102
-8,103
-7,99
-6,99
-5,99
-4,99
-7,103
-6,103
-5,103
-4,100
-4,101
-4,102
-4,103
-62,-34
-62,-33
-62,-32
-62,-31
-62,-30
-61,-34
-60,-34
-59,-34
-58,-34
-61,-30
-60,-30
-59,-30
-58,-33
-58,-32
-58,-31
-58,-30
-35,-74
-35,-73
-35,-72
-35,-71
-35,-70
-34,-74
-33,-74
-32,-74
-31,-74
-34,-70
-33,-70
-32,-70
-31,-73
-31,-72
-31,-71
-31,-70
66,-122
66,-121
66,-120
66,-119
66,-118
67,-122
68,-122
69,-122
70,-122
67,-118
68,-118
69,-118
70,-121
70,-120
70,-119
70,-118
33,-80
33,-79
33,-78
33,-77
33,-76
34,-80
35,-80
36,-80
37,-80
34,-76
35,-76
36,-76
37,-79
37,-78
37,-77
37,-76
-29,88
-29,89
-29,90
-29,91
-29,92
-28,88
-27,88
-26,88
-25,88
-28,92
-27,92
-26,92
-25,89
-25,90
-25,91
-25,92
-67,33
-67,34
-67,35
-67,36
-67,37
-66,33
-65,33
-64,33
-63,33
-66,37
-65,37
-64,37
-63,34
-63,35
-63,36
-63,37
3,53
3,54
3,55
3,56
3,57
4,53
5,53
6,53
7,53
4,57
5,57
6,57
7,54
7,55
7,56
7,57
-47,116
-47,117
-47,118
-47,119
-47,120
-46,116
-45,116
-44,116
-43,116
-46,120
-45,120
-44,120
-43,117
-43,118
-43,119
-43,120
-66,18
-66,19
-66,20
-66,21
-66,22
-65,18
-64,18
-63,18
-62,18
-65,22
-64,22
-63,22
-62,19
-62,20
-62,21
-62,22
24,37
24,38
24,39
24,40
24,41
25,37
26,37
27,37
28,37
25,41
26,41
27,41
28,38
28,39
28,40
28,41
-19,-41
-19,-40
-19,-39
-19,-38
-19,-37
-18,-41
-17,-41
-16,-41
-15,-41
-18,-37
-17,-37
-16,-37
-15,-40
-15,-39
-15,-38
-15,-37
93,-38
93,-37
93,-36
93,-35
93,-34
94,-38
95,-38
96,-38
97,-38
94,-34
95,-34
96,-34
97,-37
97,-36
97,-35
97,-34
12,-149
12,-148
12,-147
12,-146
12,-145
13,-149
14,-149
15,-149
16,-149
13,-145
14,-145
15,-145
16,-148
16,-147
16,-146
16,-145
20,-132
20,-131
20,-130
20,-129
20,-128
21,-132
22,-132
23,-132
24,-132
21,-128
22,-128
23,-128
24,-131
24,-130
24,-129
24,-128
-51,-173
-51,-172
-51,-171
-51,-170
-51,-169
-50,-173
-49,-173
-48,-173
-47,-173
-50,-169
-49,-169
-48,-169
-47,-172
-47,-171
-47,-170
-47,-169
-52,13
-52,14
-52,15
-52,16
-52,17
-51,13
-50,13
-49,13
-48,13
-51,17
-50,17
-49,17
-48,14
-48,15
-48,16
-48,17
8,-156
8,-155
8,-154
8,-153
8,-152
9,-156
10,-156
11,-156
12,-156
9,-152
10,-152
11,-152
12,-155
12,-154
12,-153
12,-152
-67,-144
-67,-143
-67,-142
-67,-141
-67,-140
-66,-144
-65,-144
-64,-144
-63,-144
-66,-140
-65,-140
-64,-140
-63,-143
-63,-142
-63,-141
-63,-140
86,-108
86,-107
86,-106
86,-105
86,-104
87,-108
88,-108
89,-108
90,-108
87,-104
88,-104
89,-104
90,-107
90,-106
90,-105
90,-104
-2,167
-2,168
-2,169
-2,170
-2,171
-1,167
0,167
1,167
2,167
-1,171
0,171
1,171
2,168
2,169
2,170
2,171
-56,174
-56,175
-56,176
-56,177
-56,178
-55,174
-54,174
-53,174
-52,174
-55,178
-54,178
-53,178
-52,175
-52,176
-52,177
-52,178
-9,128
-9,129
-9,130
-9,131
-9,132
-8,128
-7,128
-6,128
-5,128
-8,132
-7,132
-6,132
-5,129
-5,130
-5,131
-5,132
-46,-32
-46,-31
-46,-30
-46,-29
-46,-28
-45,-32
-44,-32
-43,-32
-42,-32
-45,-28
-44,-28
-43,-28
-42,-31
-42,-30
-42,-29
-42,-28
-20,-94
-20,-93
-20,-92
-20,-91
-20,-90
-19,-94
-18,-94
-17,-94
-16,-94
-19,-90
-18,-90
-17,-90
-16,-93
-16,-92
-16,-91
-16,-90
21,-81
21,-80
21,-79
21,-78
21,-77
22,-81
23,-81
24,-81
25,-81
22,-77
23,-77
24,-77
25,-80
25,-79
25,-78
25,-77
88,44
88,45
88,46
88,47
88,48
89,44
90,44
91,44
92,44
89,48
90,48
91,48
92,45
92,46
92,47
92,48
-26,-134
-26,-133
-26,-132
-26,-131
-26,-130
-25,-134
-24,-134
-23,-134
-22,-134
-25,-130
-24,-130
-23,-130
-22,-133
-22,-132
-22,-131
-22,-130
21,-10
21,-9
21,-8
21,-7
21,-6
22,-10
23,-10
24,-10
25,-10
22,-6
23,-6
24,-6
25,-9
25,-8
25,-7
25,-6
51,-21
51,-20
51,-19
51,-18
51,-17
52,-21
53,-21
54,-21
55,-21
52,-17
53,-17
54,-17
55,-20
55,-19
55,-18
55,-17
-44,-39
-44,-38
-44,-37
-44,-36
-44,-35
-43,-39
-42,-39
-41,-39
-40,-39
-43,-35
-42,-35
-41,-35
-40,-38
-40,-37
-40,-36
-40,-35
-88,-189
-88,-188
-88,-187
-88,-186
-88,-185
-87,-189
-86,-189
-85,-189
-84,-189
-87,-185
-86,-185
-85,-185
-84,-188
-84,-187
-84,-186
-84,-185
18,107
18,108
18,109
18,110
18,111
19,107
20,107
21,107
22,107
19,111
20,111
21,111
22,108
22,109
22,110
22,111
-63,183
-63,184
-63,185
-63,186
-63,187
-62,183
-61,183
-60,183
-59,183
-62,187
-61,187
-60,187
-59,184
-59,185
-59,186
-59,187
-55,40
-55,41
-55,42
-55,43
-55,44
-54,40
-53,40
-52,40
-51,40
-54,44
-53,44
-52,44
-51,41
-51,42
-51,43
-51,44
68,79
68,80
68,81
68,82
68,83
69,79
70,79
71,79
72,79
69,83
70,83
71,83
72,80
72,81
72,82
72,83
-9,-198
-9,-197
-9,-196
-9,-195
-9,-194
-8,-198
-7,-198
-6,-198
-5,-198
-8,-194
-7,-194
-6,-194
-5,-197
-5,-196
-5,-195
-5,-194
37,-10
37,-9
37,-8
37,-7
37,-6
38,-10
39,-10
40,-10
41,-10
38,-6
39,-6
40,-6
41,-9
41,-8
41,-7
41,-6
48,31
48,32
48,33
48,34
48,35
49,31
50,31
51,31
52,31
49,35
50,35
51,35
52,32
52,33
52,34
52,35
54,44
54,45
54,46
54,47
54,48
55,44
56,44
57,44
58,44
55,48
56,48
57,48
58,45
58,46
58,47
58,48
-51,-56
-51,-55
-51,-54
-51,-53
-51,-52
-50,-56
-49,-56
-48,-56
-47,-56
-50,-52
-49,-52
-48,-52
-47,-55
-47,-54
-47,-53
-47,-52
72,95
72,96
72,97
72,98
72,99
73,95
74,95
75,95
76,95
73,99
74,99
75,99
76,96
76,97
76,98
76,99
65,-174
65,-173
65,-172
65,-171
65,-170
66,-174
67,-174
68,-174
69,-174
66,-170
67,-170
68,-170
69,-173
69,-172
69,-171
69,-170
25,-1
25,0
25,1
25,2
25,3
26,-1
27,-1
28,-1
29,-1
26,3
27,3
28,3
29,0
29,1
29,2
29,3
0,127
0,128
0,129
0,130
0,131
1,127
2,127
3,127
4,127
1,131
2,131
3,131
4,128
4,129
4,130
4,131
19,-198
19,-197
19,-196
19,-195
19,-194
20,-198
21,-198
22,-198
23,-198
20,-194
21,-194
22,-194
23,-197
23,-196
23,-195
23,-194
59,-65
59,-64
59,-63
59,-62
59,-61
60,-65
61,-65
62,-65
63,-65
60,-61
61,-61
62,-61
63,-64
63,-63
63,-62
63,-61
66,10
66,11
66,12
66,13
66,14
67,10
68,10
69,10
70,10
67,14
68,14
69,14
70,11
70,12
70,13
70,14
60,134
60,135
60,136
60,137
60,138
61,134
62,134
63,134
64,134
61,138
62,138
63,138
64,135
64,136
64,137
64,138
23,84
23,85
23,86
23,87
23,88
24,84
25,84
26,84
27,84
24,88
25,88
26,88
27,85
27,86
27,87
27,88
1,-142
1,-141
1,-140
1,-139
1,-138
2,-142
3,-142
4,-142
5,-142
2,-138
3,-138
4,-138
5,-141
5,-140
5,-139
5,-138
-19,72
-19,73
-19,74
-19,75
-19,76
-18,72
-17,72
-16,72
-15,72
-18,76
-17,76
-16,76
-15,73
-15,74
-15,75
-15,76
30,152
30,153
30,154
30,155
30,156
31,152
32,152
33,152
34,152
31,156
32,156
33,156
34,153
34,154
34,155
34,156
68,-58
68,-57
68,-56
68,-55
68,-54
69,-58
70,-58
71,-58
72,-58
69,-54
70,-54
71,-54
72,-57
72,-56
72,-55
72,-54
11,30
11,31
11,32
11,33
11,34
12,30
13,30
14,30
15,30
12,34
13,34
14,34
15,31
15,32
15,33
15,34
41,-25
41,-24
41,-23
41,-22
41,-21
42,-25
43,-25
44,-25
45,-25
42,-21
43,-21
44,-21
45,-24
45,-23
45,-22
45,-21
-93,-135
-93,-134
-93,-133
-93,-132
-93,-131
-92,-135
-91,-135
-90,-135
-89,-135
-92,-131
-91,-131
-90,-131
-89,-134
-89,-133
-89,-132
-89,-131
24,-42
24,-41
24,-40
24,-39
24,-38
25,-42
26,-42
27,-42
28,-42
25,-38
26,-38
27,-38
28,-41
28,-40
28,-39
28,-38
75,-64
75,-63
75,-62
75,-61
75,-60
76,-64
77,-64
78,-64
79,-64
76,-60
77,-60
78,-60
79,-63
79,-62
79,-61
79,-60
-21,-106
-21,-105
-21,-104
-21,-103
-21,-102
-20,-106
-19,-106
-18,-106
-17,-106
-20,-102
-19,-102
-18,-102
-17,-105
-17,-104
-17,-103
-17,-102
-56,46
-56,47
-56,48
-56,49
-56,50
-55,46
-54,46
-53,46
-52,46
-55,50
-54,50
-53,50
-52,47
-52,48
-52,49
-52,50
43,89
43,90
43,91
43,92
43,93
44,89
45,89
46,89
47,89
44,93
45,93
46,93
47,90
47,91
47,92
47,93
-17,53
-17,54
-17,55
-17,56
-17,57
-16,53
-15,53
-14,53
-13,53
-16,57
-15,57
-14,57
-13,54
-13,55
-13,56
-13,57
37,-47
37,-46
37,-45
37,-44
37,-43
38,-47
39,-47
40,-47
41,-47
38,-43
39,-43
40,-43
41,-46
41,-45
41,-44
41,-43
81,-188
81,-187
81,-186
81,-185
81,-184
82,-188
83,-188
84,-188
85,-188
82,-184
83,-184
84,-184
85,-187
85,-186
85,-185
85,-184
-45,-198
-45,-197
-45,-196
-45,-195
-45,-194
-44,-198
-43,-198
-42,-198
-41,-198
-44,-194
-43,-194
-42,-194
-41,-197
-41,-196
-41,-195
-41,-194
46,119
46,120
46,121
46,122
46,123
47,119
48,119
49,119
50,119
47,123
48,123
49,123
50,120
50,121
50,122
50,123
-100,-43
-100,-42
-100,-41
-100,-40
-100,-39
-99,-43
-98,-43
-97,-43
-96,-43
-99,-39
-98,-39
-97,-39
-96,-42
-96,-41
-96,-40
-96,-39
20,144
20,145
20,146
20,147
20,148
21,144
22,144
23,144
24,144
21,148
22,148
23,148
24,145
24,146
24,147
24,148
4,111
4,112
4,113
4,114
4,115
5,111
6,111
7,111
8,111
5,115
6,115
7,115
8,112
8,113
8,114
8,115
71,11
71,12
71,13
71,14
71,15
72,11
73,11
74,11
75,11
72,15
73,15
74,15
75,12
75,13
75,14
75,15
-25,170
-25,171
-25,172
-25,173
-25,174
-24,170
-23,170
-22,170
-21,170
-24,174
-23,174
-22,174
-21,171
-21,172
-21,173
-21,174
68,30
68,31
68,32
68,33
68,34
69,30
70,30
71,30
72,30
69,34
70,34
71,34
72,31
72,32
72,33
72,34
-60,-58
-60,-57
-60,-56
-60,-55
-60,-54
-59,-58
-58,-58
-57,-58
-56,-58
-59,-54
-58,-54
-57,-54
-56,-57
-56,-56
-56,-55
-56,-54
43,-197
43,-196
43,-195
43,-194
43,-193
44,-197
45,-197
46,-197
47,-197
44,-193
45,-193
46,-193
47,-196
47,-195
47,-194
47,-193
-8,47
-8,48
-8,49
-8,50
-8,51
-7,47
-6,47
-5,47
-4,47
-7,51
-6,51
-5,51
-4,48
-4,49
-4,50
-4,51
-39,-174
-39,-173
-39,-172
-39,-171
-39,-170
-38,-174
-37,-174
-36,-174
-35,-174
-38,-170
-37,-170
-36,-170
-35,-173
-35,-172
-35,-171
-35,-170
-54,61
-54,62
-54,63
-54,64
-54,65
-53,61
-52,61
-51,61
-50,61
-53,65
-52,65
-51,65
-50,62
-50,63
-50,64
-50,65
-99,-174
-99,-173
-99,-172
-99,-171
-99,-170
-98,-174
-97,-174
-96,-174
-95,-174
-98,-170
-97,-170
-96,-170
-95,-173
-95,-172
-95,-171
-95,-170
-76,-156
-76,-155
-76,-154
-76,-153
-76,-152
-75,-156
-74,-156
-73,-156
-72,-156
-75,-152
-74,-152
-73,-152
-72,-155
-72,-154
-72,-153
-72,-152
-82,119
-82,120
-82,121
-82,122
-82,123
-81,119
-80,119
-79,119
-78,119
-81,123
-80,123
-79,123
-78,120
-78,121
-78,122
-78,123
16,-167
16,-166
16,-165
16,-164
16,-163
17,-167
18,-167
19,-167
20,-167
17,-163
18,-163
19,-163
20,-166
20,-165
20,-164
20,-163
47,166
47,167
47,168
47,169
47,170
48,166
49,166
50,166
51,166
48,170
49,170
50,170
51,167
51,168
51,169
51,170
47,-90
47,-89
47,-88
47,-87
47,-86
48,-90
49,-90
50,-90
51,-90
48,-86
49,-86
50,-86
51,-89
51,-88
51,-87
51,-86
5,-127
5,-126
5,-125
5,-124
5,-123
6,-127
7,-127
8,-127
9,-127
6,-123
7,-123
8,-123
9,-126
9,-125
9,-124
9,-123
-55,-76
-55,-75
-55,-74
-55,-73
-55,-72
-54,-76
-53,-76
-52,-76
-51,-76
-54,-72
-53,-72
-52,-72
-51,-75
-51,-74
-51,-73
-51,-72
33,12
33,13
33,14
33,15
33,16
34,12
35,12
36,12
37,12
34,16
35,16
36,16
37,13
37,14
37,15
37,16
11,-100
11,-99
11,-98
11,-97
11,-96
12,-100
13,-100
14,-100
15,-100
12,-96
13,-96
14,-96
15,-99
15,-98
15,-97
15,-96
48,37
48,38
48,39
48,40
48,41
49,37
50,37
51,37
52,37
49,41
50,41
51,41
52,38
52,39
52,40
52,41
-11,55
-11,56
-11,57
-11,58
-11,59
-10,55
-9,55
-8,55
-7,55
-10,59
-9,59
-8,59
-7,56
-7,57
-7,58
-7,59
62,146
62,147
62,148
62,149
62,150
63,146
64,146
65,146
66,146
63,150
64,150
65,150
66,147
66,148
66,149
66,150
-60,-53
-60,-52
-60,-51
-60,-50
-60,-49
-59,-53
-58,-53
-57,-53
-56,-53
-59,-49
-58,-49
-57,-49
-56,-52
-56,-51
-56,-50
-56,-49
-2,-129
-2,-128
-2,-127
-2,-126
-2,-125
-1,-129
0,-129
1,-129
2,-129
-1,-125
0,-125
1,-125
2,-128
2,-127
2,-126
2,-125
-59,-181
-59,-180
-59,-179
-59,-178
-59,-177
-58,-181
-57,-181
-56,-181
-55,-181
-58,-177
-57,-177
-56,-177
-55,-180
-55,-179
-55,-178
-55,-177
-52,-193
-52,-192
-52,-191
-52,-190
-52,-189
-51,-193
-50,-193
-49,-193
-48,-193
-51,-189
-50,-189
-49,-189
-48,-192
-48,-191
-48,-190
-48,-189
79,-96
79,-95
79,-94
79,-93
79,-92
80,-96
81,-96
82,-96
83,-96
80,-92
81,-92
82,-92
83,-95
83,-94
83,-93
83,-92
-14,36
-14,37
-14,38
-14,39
-14,40
-13,36
-12,36
-11,36
-10,36
-13,40
-12,40
-11,40
-10,37
-10,38
-10,39
-10,40
52,-32
52,-31
52,-30
52,-29
52,-28
53,-32
54,-32
55,-32
56,-32
53,-28
54,-28
55,-28
56,-31
56,-30
56,-29
56,-28
-37,68
-37,69
-37,70
-37,71
-37,72
-36,68
-35,68
-34,68
-33,68
-36,72
-35,72
-34,72
-33,69
-33,70
-33,71
-33,72
-40,73
-40,74
-40,75
-40,76
-40,77
-39,73
-38,73
-37,73
-36,73
-39,77
-38,77
-37,77
-36,74
-36,75
-36,76
-36,77
40,-164
40,-163
40,-162
40,-161
40,-160
41,-164
42,-164
43,-164
44,-164
41,-160
42,-160
43,-160
44,-163
44,-162
44,-161
44,-160
-95,51
-95,52
-95,53
-95,54
-95,55
-94,51
-93,51
-92,51
-91,51
-94,55
-93,55
-92,55
-91,52
-91,53
-91,54
-91,55
64,-166
64,-165
64,-164
64,-163
64,-162
65,-166
66,-166
67,-166
68,-166
65,-162
66,-162
67,-162
68,-165
68,-164
68,-163
68,-162
77,-162
77,-161
77,-160
77,-159
77,-158
78,-162
79,-162
80,-162
81,-162
78,-158
79,-158
80,-158
81,-161
81,-160
81,-159
81,-158
-45,71
-45,72
-45,73
-45,74
-45,75
-44,71
-43,71
-42,71
-41,71
-44,75
-43,75
-42,75
-41,72
-41,73
-41,74
-41,75
52,-115
52,-114
52,-113
52,-112
52,-111
53,-115
54,-115
55,-115
56,-115
53,-111
54,-111
55,-111
56,-114
56,-113
56,-112
56,-111
-89,-155
-89,-154
-89,-153
-89,-152
-89,-151
-88,-155
-87,-155
-86,-155
-85,-155
-88,-151
-87,-151
-86,-151
-85,-154
-85,-153
-85,-152
-85,-151
-45,21
-45,22
-45,23
-45,24
-45,25
-44,21
-43,21
-42,21
-41,21
-44,25
-43,25
-42,25
-41,22
-41,23
-41,24
-41,25
-47,-48
-47,-47
-47,-46
-47,-45
-47,-44
-46,-48
-45,-48
-44,-48
-43,-48
-46,-44
-45,-44
-44,-44
-43,-47
-43,-46
-43,-45
-43,-44
-91,-17
-91,-16
-91,-15
-91,-14
-91,-13
-90,-17
-89,-17
-88,-17
-87,-17
-90,-13
-89,-13
-88,-13
-87,-16
-87,-15
-87,-14
-87,-13
41,20
41,21
41,22
41,23
41,24
42,20
43,20
44,20
45,20
42,24
43,24
44,24
45,21
45,22
45,23
45,24
-70,-11
-70,-10
-70,-9
-70,-8
-70,-7
-69,-11
-68,-11
-67,-11
-66,-11
-69,-7
-68,-7
-67,-7
-66,-10
-66,-9
-66,-8
-66,-7
77,-172
77,-171
77,-170
77,-169
77,-168
78,-172
79,-172
80,-172
81,-172
78,-168
79,-168
80,-168
81,-171
81,-170
81,-169
81,-168
-78,81
-78,82
-78,83
-78,84
-78,85
-77,81
-76,81
-75,81
-74,81
-77,85
-76,85
-75,85
-74,82
-74,83
-74,84
-74,85
-75,132
-75,133
-75,134
-75,135
-75,136
-74,132
-73,132
-72,132
-71,132
-74,136
-73,136
-72,136
-71,133
-71,134
-71,135
-71,136
-39,56
-39,57
-39,58
-39,59
-39,60
-38,56
-37,56
-36,56
-35,56
-38,60
-37,60
-36,60
-35,57
-35,58
-35,59
-35,60
-85,-43
-85,-42
-85,-41
-85,-40
-85,-39
-84,-43
-83,-43
-82,-43
-81,-43
-84,-39
-83,-39
-82,-39
-81,-42
-81,-41
-81,-40
-81,-39
-80,86
-80,87
-80,88
-80,89
-80,90
-79,86
-78,86
-77,86
-76,86
-79,90
-78,90
-77,90
-76,87
-76,88
-76,89
-76,90
60,24
60,25
60,26
60,27
60,28
61,24
62,24
63,24
64,24
61,28
62,28
63,28
64,25
64,26
64,27
64,28
58,-112
58,-111
58,-110
58,-109
58,-108
59,-112
60,-112
61,-112
62,-112
59,-108
60,-108
61,-108
62,-111
62,-110
62,-109
62,-108
-32,-195
-32,-194
-32,-193
-32,-192
-32,-191
-31,-195
-30,-195
-29,-195
-28,-195
-31,-191
-30,-191
-29,-191
-28,-194
-28,-193
-28,-192
-28,-191
-53,155
-53,156
-53,157
-53,158
-53,159
-52,155
-51,155
-50,155
-49,155
-52,159
-51,159
-50,159
-49,156
-49,157
-49,158
-49,159
-41,-80
-41,-79
-41,-78
-41,-77
-41,-76
-40,-80
-39,-80
-38,-80
-37,-80
-40,-76
-39,-76
-38,-76
-37,-79
-37,-78
-37,-77
-37,-76
-59,-132
-59,-131
-59,-130
-59,-129
-59,-128
-58,-132
-57,-132
-56,-132
-55,-132
-58,-128
-57,-128
-56,-128
-55,-131
-55,-130
-55,-129
-55,-128
83,-59
83,-58
83,-57
83,-56
83,-55
84,-59
85,-59
86,-59
87,-59
84,-55
85,-55
86,-55
87,-58
87,-57
87,-56
87,-55
-95,-66
-95,-65
-95,-64
-95,-63
-95,-62
-94,-66
-93,-66
-92,-66
-91,-66
-94,-62
-93,-62
-92,-62
-91,-65
-91,-64
-91,-63
-91,-62
2,-72
2,-71
2,-70
2,-69
2,-68
3,-72
4,-72
5,-72
6,-72
3,-68
4,-68
5,-68
6,-71
6,-70
6,-69
6,-68
15,-55
15,-54
15,-53
15,-52
15,-51
16,-55
17,-55
18,-55
19,-55
16,-51
17,-51
18,-51
19,-54
19,-53
19,-52
19,-51
83,158
83,159
83,160
83,161
83,162
84,158
85,158
86,158
87,158
84,162
85,162
86,162
87,159
87,160
87,161
87,162
-68,91
-68,92
-68,93
-68,94
-68,95
-67,91
-66,91
-65,91
-64,91
-67,95
-66,95
-65,95
-64,92
-64,93
-64,94
-64,95
-18,-54
-18,-53
-18,-52
-18,-51
-18,-50
-17,-54
-16,-54
-15,-54
-14,-54
-17,-50
-16,-50
-15,-50
-14,-53
-14,-52
-14,-51
-14,-50
-38,92
-38,93
-38,94
-38,95
-38,96
-37,92
-36,92
-35,92
-34,92
-37,96
-36,96
-35,96
-34,93
-34,94
-34,95
-34,96
88,-40
88,-39
88,-38
88,-37
88,-36
89,-40
90,-40
91,-40
92,-40
89,-36
90,-36
91,-36
92,-39
92,-38
92,-37
92,-36
-47,100
-47,101
-47,102
-47,103
-47,104
-46,100
-45,100
-44,100
-43,100
-46,104
-45,104
-44,104
-43,101
-43,102
-43,103
-43,104
30,174
30,175
30,176
30,177
30,178
31,174
32,174
33,174
34,174
31,178
32,178
33,178
34,175
34,176
34,177
34,178
63,-186
63,-185
63,-184
63,-183
63,-182
64,-186
65,-186
66,-186
67,-186
64,-182
65,-182
66,-182
67,-185
67,-184
67,-183
67,-182
17,-16
17,-15
17,-14
17,-13
17,-12
18,-16
19,-16
20,-16
21,-16
18,-12
19,-12
20,-12
21,-15
21,-14
21,-13
21,-12
-83,108
-83,109
-83,110
-83,111
-83,112
-82,108
-81,108
-80,108
-79,108
-82,112
-81,112
-80,112
-79,109
-79,110
-79,111
-79,112
91,160
91,161
91,162
91,163
91,164
92,160
93,160
94,160
95,160
92,164
93,164
94,164
95,161
95,162
95,163
95,164
-72,20
-72,21
-72,22
-72,23
-72,24
-71,20
-70,20
-69,20
-68,20
-71,24
-70,24
-69,24
-68,21
-68,22
-68,23
-68,24
52,80
52,81
52,82
52,83
52,84
53,80
54,80
55,80
56,80
53,84
54,84
55,84
56,81
56,82
56,83
56,84
12,177
12,178
12,179
12,180
12,181
13,177
14,177
15,177
16,177
13,181
14,181
15,181
16,178
16,179
16,180
16,181
-31,59
-31,60
-31,61
-31,62
-31,63
-30,59
-29,59
-28,59
-27,59
-30,63
-29,63
-28,63
-27,60
-27,61
-27,62
-27,63
62,-56
62,-55
62,-54
62,-53
62,-52
63,-56
64,-56
65,-56
66,-56
63,-52
64,-52
65,-52
66,-55
66,-54
66,-53
66,-52
-5,-187
-5,-186
-5,-185
-5,-184
-5,-183
-4,-187
-3,-187
-2,-187
-1,-187
-4,-183
-3,-183
-2,-183
-1,-186
-1,-185
-1,-184
-1,-183
-2,192
-2,193
-2,194
-2,195
-2,196
-1,192
0,192
1,192
2,192
-1,196
0,196
1,196
2,193
2,194
2,195
2,196
-15,136
-15,137
-15,138
-15,139
-15,140
-14,136
-13,136
-12,136
-11,136
-14,140
-13,140
-12,140
-11,137
-11,138
-11,139
-11,140
-7,156
-7,157
-7,158
-7,159
-7,160
-6,156
-5,156
-4,156
-3,156
-6,160
-5,160
-4,160
-3,157
-3,158
-3,159
-3,160
-92,134
-92,135
-92,136
-92,137
-92,138
-91,134
-90,134
-89,134
-88,134
-91,138
-90,138
-89,138
-88,135
-88,136
-88,137
-88,138
-76,29
-76,30
-76,31
-76,32
-76,33
-75,29
-74,29
-73,29
-72,29
-75,33
-74,33
-73,33
-72,30
-72,31
-72,32
-72,33
-11,-186
-11,-185
-11,-184
-11,-183
-11,-182
-10,-186
-9,-186
-8,-186
-7,-186
-10,-182
-9,-182
-8,-182
-7,-185
-7,-184
-7,-183
-7,-182
-68,124
-68,125
-68,126
-68,127
-68,128
-67,124
-66,124
-65,124
-64,124
-67,128
-66,128
-65,128
-64,125
-64,126
-64,127
-64,128
83,147
83,148
83,149
83,150
83,151
84,147
85,147
86,147
87,147
84,151
85,151
86,151
87,148
87,149
87,150
87,151
-15,-138
-15,-137
-15,-136
-15,-135
-15,-134
-14,-138
-13,-138
-12,-138
-11,-138
-14,-134
-13,-134
-12,-134
-11,-137
-11,-136
-11,-135
-11,-134
73,-120
73,-119
73,-118
73,-117
73,-116
74,-120
75,-120
76,-120
77,-120
74,-116
75,-116
76,-116
77,-119
77,-118
77,-117
77,-116
10,-38
10,-37
10,-36
10,-35
10,-34
11,-38
12,-38
13,-38
14,-38
11,-34
12,-34
13,-34
14,-37
14,-36
14,-35
14,-34
87,-147
87,-146
87,-145
87,-144
87,-143
88,-147
89,-147
90,-147
91,-147
88,-143
89,-143
90,-143
91,-146
91,-145
91,-144
91,-143
25,-74
25,-73
25,-72
25,-71
25,-70
26,-74
27,-74
28,-74
29,-74
26,-70
27,-70
28,-70
29,-73
29,-72
29,-71
29,-70
-96,45
-96,46
-96,47
-96,48
-96,49
-95,45
-94,45
-93,45
-92,45
-95,49
-94,49
-93,49
-92,46
-92,47
-92,48
-92,49
46,-177
46,-176
46,-175
46,-174
46,-173
47,-177
48,-177
49,-177
50,-177
47,-173
48,-173
49,-173
50,-176
50,-175
50,-174
50,-173
77,-85
77,-84
77,-83
77,-82
77,-81
78,-85
79,-85
80,-85
81,-85
78,-81
79,-81
80,-81
81,-84
81,-83
81,-82
81,-81
-99,142
-99,143
-99,144
-99,145
-99,146
-98,142
-97,142
-96,142
-95,142
-98,146
-97,146
-96,146
-95,143
-95,144
-95,145
-95,146
-54,-127
-54,-126
-54,-125
-54,-124
-54,-123
-53,-127
-52,-127
-51,-127
-50,-127
-53,-123
-52,-123
-51,-123
-50,-126
-50,-125
-50,-124
-50,-123
11,-24
11,-23
11,-22
11,-21
11,-20
12,-24
13,-24
14,-24
15,-24
12,-20
13,-20
14,-20
15,-23
15,-22
15,-21
15,-20
-37,-137
-37,-136
-37,-135
-37,-134
-37,-133
-36,-137
-35,-137
-34,-137
-33,-137
-36,-133
-35,-133
-34,-133
-33,-136
-33,-135
-33,-134
-33,-133
47,-188
47,-187
47,-186
47,-185
47,-184
48,-188
49,-188
50,-188
51,-188
48,-184
49,-184
50,-184
51,-187
51,-186
51,-185
51,-184
-79,171
-79,172
-79,173
-79,174
-79,175
-78,171
-77,171
-76,171
-75,171
-78,175
-77,175
-76,175
-75,172
-75,173
-75,174
-75,175
14,-72
14,-71
14,-70
14,-69
14,-68
15,-72
16,-72
17,-72
18,-72
15,-68
16,-68
17,-68
18,-71
18,-70
18,-69
18,-68
-98,130
-98,131
-98,132
-98,133
-98,134
-97,130
-96,130
-95,130
-94,130
-97,134
-96,134
-95,134
-94,131
-94,132
-94,133
-94,134
52,-148
52,-147
52,-146
52,-145
52,-144
53,-148
54,-148
55,-148
56,-148
53,-144
54,-144
55,-144
56,-147
56,-146
56,-145
56,-144
-92,158
-92,159
-92,160
-92,161
-92,162
-91,158
-90,158
-89,158
-88,158
-91,162
-90,162
-89,162
-88,159
-88,160
-88,161
-88,162
59,-127
59,-126
59,-125
59,-124
59,-123
60,-127
61,-127
62,-127
63,-127
60,-123
61,-123
62,-123
63,-126
63,-125
63,-124
63,-123
-86,9
-86,10
-86,11
-86,12
-86,13
-85,9
-84,9
-83,9
-82,9
-85,13
-84,13
-83,13
-82,10
-82,11
-82,12
-82,13
-49,81
-49,82
-49,83
-49,84
-49,85
-48,81
-47,81
-46,81
-45,81
-48,85
-47,85
-46,85
-45,82
-45,83
-45,84
-45,85
30,-35
30,-34
30,-33
30,-32
30,-31
31,-35
32,-35
33,-35
34,-35
31,-31
32,-31
33,-31
34,-34
34,-33
34,-32
34,-31
28,-179
28,-178
28,-177
28,-176
28,-175
29,-179
30,-179
31,-179
32,-179
29,-175
30,-175
31,-175
32,-178
32,-177
32,-176
32,-175
14,140
14,141
14,142
14,143
14,144
15,140
16,140
17,140
18,140
15,144
16,144
17,144
18,141
18,142
18,143
18,144
-24,191
-24,192
-24,193
-24,194
-24,195
-23,191
-22,191
-21,191
-20,191
-23,195
-22,195
-21,195
-20,192
-20,193
-20,194
-20,195
-31,-162
-31,-161
-31,-160
-31,-159
-31,-158
-30,-162
-29,-162
-28,-162
-27,-162
-30,-158
-29,-158
-28,-158
-27,-161
-27,-160
-27,-159
-27,-158
50,-105
50,-104
50,-103
50,-102
50,-101
51,-105
52,-105
53,-105
54,-105
51,-101
52,-101
53,-101
54,-104
54,-103
54,-102
54,-101
32,-2
32,-1
32,0
32,1
32,2
33,-2
34,-2
35,-2
36,-2
33,2
34,2
35,2
36,-1
36,0
36,1
36,2
35,140
35,141
35,142
35,143
35,144
36,140
37,140
38,140
39,140
36,144
37,144
38,144
39,141
39,142
39,143
39,144
48,-13
48,-12
48,-11
48,-10
48,-9
49,-13
50,-13
51,-13
52,-13
49,-9
50,-9
51,-9
52,-12
52,-11
52,-10
52,-9
24,-197
24,-196
24,-195
24,-194
24,-193
25,-197
26,-197
27,-197
28,-197
25,-193
26,-193
27,-193
28,-196
28,-195
28,-194
28,-193
51,88
51,89
51,90
51,91
51,92
52,88
53,88
54,88
55,88
52,92
53,92
54,92
55,89
55,90
55,91
55,92
89,-73
89,-72
89,-71
89,-70
89,-69
90,-73
91,-73
92,-73
93,-73
90,-69
91,-69
92,-69
93,-72
93,-71
93,-70
93,-69
-21,-82
-21,-81
-21,-80
-21,-79
-21,-78
-20,-82
-19,-82
-18,-82
-17,-82
-20,-78
-19,-78
-18,-78
-17,-81
-17,-80
-17,-79
-17,-78
0,-87
0,-86
0,-85
0,-84
0,-83
1,-87
2,-87
3,-87
4,-87
1,-83
2,-83
3,-83
4,-86
4,-85
4,-84
4,-83
66,184
66,185
66,186
66,187
66,188
67,184
68,184
69,184
70,184
67,188
68,188
69,188
70,185
70,186
70,187
70,188
-87,-61
-87,-60
-87,-59
-87,-58
-87,-57
-86,-61
-85,-61
-84,-61
-83,-61
-86,-57
-85,-57
-84,-57
-83,-60
-83,-59
-83,-58
-83,-57
-36,187
-36,188
-36,189
-36,190
-36,191
-35,187
-34,187
-33,187
-32,187
-35,191
-34,191
-33,191
-32,188
-32,189
-32,190
-32,191
46,-118
46,-117
46,-116
46,-115
46,-114
47,-118
48,-118
49,-118
50,-118
47,-114
48,-114
49,-114
50,-117
50,-116
50,-115
50,-114
-41,-149
-41,-148
-41,-147
-41,-146
-41,-145
-40,-149
-39,-149
-38,-149
-37,-149
-40,-145
-39,-145
-38,-145
-37,-148
-37,-147
-37,-146
-37,-145
33,190
33,191
33,192
33,193
33,194
34,190
35,190
36,190
37,190
34,194
35,194
36,194
37,191
37,192
37,193
37,194
76,87
76,88
76,89
76,90
76,91
77,87
78,87
79,87
80,87
77,91
78,91
79,91
80,88
80,89
80,90
80,91
-66,67
-66,68
-66,69
-66,70
-66,71
-65,67
-64,67
-63,67
-62,67
-65,71
-64,71
-63,71
-62,68
-62,69
-62,70
-62,71
13,-193
13,-192
13,-191
13,-190
13,-189
14,-193
15,-193
16,-193
17,-193
14,-189
15,-189
16,-189
17,-192
17,-191
17,-190
17,-189
57,-78
57,-77
57,-76
57,-75
57,-74
58,-78
59,-78
60,-78
61,-78
58,-74
59,-74
60,-74
61,-77
61,-76
61,-75
61,-74
-52,-26
-52,-25
-52,-24
-52,-23
-52,-22
-51,-26
-50,-26
-49,-26
-48,-26
-51,-22
-50,-22
-49,-22
-48,-25
-48,-24
-48,-23
-48,-22
91,-25
91,-24
91,-23
91,-22
91,-21
92,-25
93,-25
94,-25
95,-25
92,-21
93,-21
94,-21
95,-24
95,-23
95,-22
95,-21
35,114
35,115
35,116
35,117
35,118
36,114
37,114
38,114
39,114
36,118
37,118
38,118
39,115
39,116
39,117
39,118
-9,139
-9,140
-9,141
-9,142
-9,143
-8,139
-7,139
-6,139
-5,139
-8,143
-7,143
-6,143
-5,140
-5,141
-5,142
-5,143
13,0
13,1
13,2
13,3
13,4
14,0
15,0
16,0
17,0
14,4
15,4
16,4
17,1
17,2
17,3
17,4
-73,88
-73,89
-73,90
-73,91
-73,92
-72,88
-71,88
-70,88
-69,88
-72,92
-71,92
-70,92
-69,89
-69,90
-69,91
-69,92
-46,161
-46,162
-46,163
-46,164
-46,165
-45,161
-44,161
-43,161
-42,161
-45,165
-44,165
-43,165
-42,162
-42,163
-42,164
-42,165
75,-35
75,-34
75,-33
75,-32
75,-31
76,-35
77,-35
78,-35
79,-35
76,-31
77,-31
78,-31
79,-34
79,-33
79,-32
79,-31
18,-27
18,-26
18,-25
18,-24
18,-23
19,-27
20,-27
21,-27
22,-27
19,-23
20,-23
21,-23
22,-26
22,-25
22,-24
22,-23
8,-134
8,-133
8,-132
8,-131
8,-130
9,-134
10,-134
11,-134
12,-134
9,-130
10,-130
11,-130
12,-133
12,-132
12,-131
12,-130
4,-63
4,-62
4,-61
4,-60
4,-59
5,-63
6,-63
7,-63
8,-63
5,-59
6,-59
7,-59
8,-62
8,-61
8,-60
8,-59
92,-195
92,-194
92,-193
92,-192
92,-191
93,-195
94,-195
95,-195
96,-195
93,-191
94,-191
95,-191
96,-194
96,-193
96,-192
96,-191
-14,-36
-14,-35
-14,-34
-14,-33
-14,-32
-13,-36
-12,-36
-11,-36
-10,-36
-13,-32
-12,-32
-11,-32
-10,-35
-10,-34
-10,-33
-10,-32
-53,106
-53,107
-53,108
-53,109
-53,110
-52,106
-51,106
-50,106
-49,106
-52,110
-51,110
-50,110
-49,107
-49,108
-49,109
-49,110
-77,-23
-77,-22
-77,-21
-77,-20
-77,-19
-76,-23
-75,-23
-74,-23
-73,-23
-76,-19
-75,-19
-74,-19
-73,-22
-73,-21
-73,-20
-73,-19
-8,-10
-8,-9
-8,-8
-8,-7
-8,-6
-7,-10
-6,-10
-5,-10
-4,-10
-7,-6
-6,-6
-5,-6
-4,-9
-4,-8
-4,-7
-4,-6
86,10
86,11
86,12
86,13
86,14
87,10
88,10
89,10
90,10
87,14
88,14
89,14
90,11
90,12
90,13
90,14
32,-153
32,-152
32,-151
32,-150
32,-149
33,-153
34,-153
35,-153
36,-153
33,-149
34,-149
35,-149
36,-152
36,-151
36,-150
36,-149
60,116
60,117
60,118
60,119
60,120
61,116
62,116
63,116
64,116
61,120
62,120
63,120
64,117
64,118
64,119
64,120
-11,-164
-11,-163
-11,-162
-11,-161
-11,-160
-10,-164
-9,-164
-8,-164
-7,-164
-10,-160
-9,-160
-8,-160
-7,-163
-7,-162
-7,-161
-7,-160
